#income distribution pars
mu = 10.2548
sigma = 0.60909
totpop = 41478483
#numerical convergence and numerical integration parameters
tol = .0000000001
check_conv = TRUE
wbar = 10000000
#set-up cost
tau <- 4800